50 350
52 350
54 350
56 350
58 350
60 350
62 350
64 350
66 350
68 350
70 350
72 350
74 350
76 350
78 350
80 350
82 350
84 350
86 350
88 350
90 350
92 350
94 350
96 350
98 350
100 350
102 350
104 350
106 350
108 350
110 350
112 350
114 350
116 350
118 350
120 350
122 350
124 350
126 350
128 350
130 350
132 350
134 350
136 350
138 350
140 350
142 350
144 350
146 350
148 350
150 350
152 350
154 350
156 350
158 350
160 350
162 350
164 350
166 350
168 350
170 350
172 350
174 350
176 350
178 350
180 350
182 350
184 350
186 350
188 350
190 350
192 350
194 350
196 350
198 350
200 350
202 350
204 350
206 350
208 350
210 350
212 350
214 350
216 350
218 350
220 350
222 350
224 350
226 350
228 350
230 350
232 350
234 350
236 350
238 350
240 350
242 350
244 350
246 350
248 350
250 350
252 350
254 350
256 350
258 350
260 350
262 350
264 350
266 350
268 350
270 350
272 350
274 350
276 350
278 350
280 350
282 350
284 350
286 350
288 350
290 350
292 350
294 350
296 350
298 350
300 350
302 350
304 350
306 350
308 350
310 350
312 350
314 350
316 350
318 350
320 350
322 350
324 350
326 350
328 350
330 350
332 350
334 350
336 350
338 350
340 350
342 350
344 350
346 350
348 350
350 350
